0.333
0.385
0
0
0.385
0.316
0.5
0
0
0
0.257
0
0.143
0.28
0.322
0
0.231
0.345
0.321
0.265
0.313
0.377
0.28
0
0.344
0
0.314
0
0.352
0.314
0
0.374
0
0.4
0.222
0.403
0.2
0.172
0.388
0.351
0.354
0.376
0.335
0.167
0.303
0.2
0.36
0.365
0.143
0.351
0.397
0.343
0.325
0.379
0
0.256
0
0.373
0
0
0.384
0
0
0.383
0.333
0.182
0.37
0.125
0.414
0.343
0.311
0.335
0.36
0.095
0.287
0.254
0.37
0.326
0.286
0.371
0.152
0.297
0.332
0.329
0.352
0.343
0.329
0.365
0.348
0.327
0.362
0.429
0
0.272
0.3
0.288
0.412
0.327
0.363
0
0.369
0.373
0.255
0.368
0
0.358
0
0.339
0.222
0.329
0.29
0
0
0.328
0.352
1
0.338
0.293
0.326
0.374
0.21
0.373
0.238
0
0.365
0.304
0
0.29
0.363
0.385
0.349
0.306
0.324
0.269
0.306
0.451
0.444
0.083
0.43
0.316
0.227
0.281
0
0.182
0.167
0
0
0.351
0.363
0
0.375
0
0.398
0.334
0.283
0.342
0.301
0.296
0.173
0.5
0
0.36
0.329
0.355
0.214
0.154
0.25
0.399
0.4
0.179
0.376
0.38
0.263
0.222
0.319
0
0.376
0.313
0
0.28
0.373
0.305
0.231
0.288
0.314
0
0.154
0.374
0.3
0.063
0
0.4
0.327
0
0.332
0.34
0.389
0.369
0.462
0.323
0.381
0
0.386
0.366
0.348
0.275
0.351
0.182
0.297
0.344
0.327
0.316
0.364
0.045
0.369
0
0
0.349
0.257
0.229
0.289
0
0.383
0.167
0.345
0.278
0.22
0.403
0.342
0.288
0.361
0.294
0.339
0.304
0.271
0.176
0.295
0.357
0.325
0.251
0.136
0.35
0.368
0.3
0.283
0
0.347
0.324
0
0.315
0.364
0.358
0
0.17
0.325
0.3
0.094
0.353
0
0.36
0.319
0.325
0
0.349
0.25
0
0.103
0.376
0.136
0.325
0.38
0.375
0.368
0.326
0
0.286
0.182
0.36
0
0.34
0.093
0.277
0.262
0.667
0.343
0.269
0.302
0.355
0.334
0
0.37
0.371
0.231
0.378
0.346
0.235
0.314
0
0
0.34
0.167
0.129
0.125
0.38
0.182
0.363
0.35
0.358
0.067
0.315
0
0.307
0.158
0.266
0.371
0.238
0.311
0.307
0.333
0.381
0.344
0
0.333
0.331
0.257
0.398
0
0.293
0.111
0.314
0.302
0.111
0
0.294
0
0.042
0.337
0.391
0.282
0
0.313
0.5
0.24
0.339
0
0.335
0.36
0.429
0
0
0
0.394
0.336
0.3
0.321
0.328
0.232
0.373
0
0.366
0.371
0.384
0.034
0.294
0.2
0.391
0.385
0.304
0.37
0.346
0.19
0.5
0.097
0
0.363
0.356
0
0.345
0.383
0
0.324
0
0
0.222
0
0.37
0.372
0
0.384
0.387
0.35
0.373
0.302
0.5
0.335
0.408
0.348
0.382
0.286
0.41
0
0.167
0.188
0.346
0.5
0.455
0.336
0.373
0
0.217
0
0
0
0.4
0.352
0.217
0.351
0.407
0.292
0.389
0.284
0.334
0.355
0
1
0
0
0.111
0.369
0
0.322
0.363
0.323
0.425
0.308
0
0.179
0.319
0.313
0.319
0.391
0
0.2
0.417
0.328
0
0.1
0.347
0.383
0.167
0.368
0.395
0.336
0
0.5
0.333
0.431
0.381
0.32
0
0
1
0
0.246
0
0
0.167
0.339
0.373
0
0
0.316
0.337
0
0.297
0.255
0.327
0.38
0.245
0.367
0.365
0.346
0.244
0.324
0.306
0.29
0
0
0.154
0.369
0
0
0
0
0.365
0.349
0.308
0.333
0.185
0.35
0.404
0.254
0.305
0.379
0.367
0
0.278
0.241
0.167
0.26
0.412
0
0.25
0.461
0.329
0.274
0.353
0.339
0.36
0
0.289
0.302
0.377
0.222
0.318
0.391
0.403
0.351
0
0.237
0.324
0.339
0.345
0.345
0
0.314
0.091
0.125
0.334
0.306
0.167
0.383
0.174
0.37
0.319
0.28
0.31
0.296
0
0
0.298
0.375
0.293
0.285
0.26
0.188
0.351
0.5
0.305
0
0.325
0
0.308
0
0
0.5
0
0.211
0.236
0.298
0.276
0.367
0
0.319
0.284
0.36
0.355
0.22
0.375
0.319
0.335
0.379
0
0.362
0.386
0.091
0.235
0.391
0.143
0.42
0
0.359
0.357
0.325
0.341
0.235
0.349
0.305
0.214
0
0
0.349
0
0.024
0
0.349
0.293
0
0.341
0.271
0.269
0.37
0.284
0.334
0.369
0.334
0.319
0.333
0.363
0.379
0.226
0
0.367
0
0.382
0.283
0.256
0.302
0.333
0
0
0.125
0.304
0.381
0.33
0
0.357
0.299
0.31
0.342
0
0.354
0.378
0.363
0.339
0.276
0
0.261
0.364
0.34
0
0
0.385
0.365
0.231
0.25
0.217
0.37
0.28
0.319
0.167
0
