0.498
0.402
0.565
0.474
0.452
0.503
0.5
0.314
0.513
0.532
0.487
0.5
0.472
0.477
0.432
0.474
0.533
0.406
0.411
0.406
0.44
0.423
0.483
0.75
0.453
0.511
0.392
0.25
0.427
0.444
0.531
0.404
0.536
0.553
0.267
0.407
0.296
0.51
0.46
0.423
0.439
0.446
0.44
0.371
0.421
0.496
0.442
0.415
0.514
0.43
0.426
0.452
0.439
0.424
0
0.388
0
0.412
0.5
0.507
0.468
0.568
0.524
0.401
0.447
0.324
0.442
0.535
0.464
0.423
0.515
0.494
0.438
0.5
0.424
0.49
0.413
0.442
0.31
0.412
0.369
0.382
0.42
0.447
0.43
0.381
0.384
0.432
0.434
0.445
0.403
0.375
0.273
0.442
0.208
0.441
0.474
0.408
0.368
0.575
0.453
0.439
0.412
0.442
0.563
0.421
0.591
0.442
0.263
0.522
0.355
1
0.25
0.403
0.414
0.5
0.438
0.398
0.409
0.468
0.532
0.44
0.265
0.409
0.427
0.418
0.667
0.46
0.391
0.447
0.41
0.405
0.426
0.469
0.346
0.448
0.477
0.521
0.431
0.414
0.411
0.516
0.564
0.447
0.167
0.4
0.583
0.402
0.429
0.54
0.406
0
0.395
0.458
0.442
0.496
0.357
0.516
0.314
0.509
0.534
0.406
0.439
0.471
0.367
0.345
0.553
0.47
0.2
0.506
0.441
0.483
0.346
0.385
0.308
0.333
0.411
0.451
0.46
0.375
0.431
0.411
0.568
0.446
0.349
0.513
0.544
0.423
0.435
0.512
0.556
0.5
0.412
0.496
0.473
0.434
0.448
0.402
0.415
0.403
0.412
0.459
0.439
0.415
0.396
0.497
0.373
0.503
0.51
0.452
0.435
0.47
0.425
0.491
0.45
0.424
0.575
0.445
0.462
0.42
0.466
0.421
0.435
0.552
0.393
0.394
0.394
0.428
0.44
0.377
0.421
0.474
0.438
0.406
0.521
0.5
0.343
0.408
0.475
0.333
0.439
0.412
0.443
0.459
0.317
0.644
0.438
0.437
0
0.433
0.395
0.385
0.464
0.3
0.465
0.263
0.492
0.456
0.498
0.438
0.442
0.406
0.537
0.433
0.463
0.505
0.544
0.45
0.497
0.409
0.397
0.411
0.439
0.382
0.584
0.457
0.514
0.418
0
0.535
0.582
0.375
0.422
0.417
0.418
0.466
0.367
0.523
0.462
0.47
0.444
0.42
0.351
0.452
0.44
0.449
0.433
0.497
0.415
0.498
0.46
0.498
0.444
0.464
0.434
0.449
0.39
0.458
0.269
0.574
0.562
0.392
0.517
0.476
0.442
0.347
0.357
0.375
0.385
0.46
0.408
0
0.512
0.439
0.436
0.399
0.402
0.42
0.467
0.512
0.359
0.67
0.528
0.46
0.143
0.489
0.41
0.526
0.395
0.529
0.381
0.417
0.467
0.448
0.25
0.435
0.416
0.442
0.529
0.672
0.52
0.381
0.432
0.535
0.372
0.43
0.493
0.439
0
0.461
0.336
0.45
0.533
0.382
0.451
0.499
0.489
0.466
0.426
0.432
0.477
0.571
0.511
0.533
0.444
0.419
0
0.384
0.438
0.5
0.421
0.543
0.536
0.304
0.603
0.399
0.392
0.466
0.437
0.435
0.392
0.429
0.445
0.539
0.408
0.443
0.47
0.404
0.397
0.445
0.527
0.542
0.419
0.414
0.273
0.436
0.47
0.422
0.628
0.311
0.5
0.41
0.364
0.449
0.416
0.461
0.42
0.459
0.35
0.436
0.332
0.499
0.406
0.6
0.417
0.486
0.508
0.263
0.427
0.571
0.384
0.431
0.445
0.45
0.475
0.547
0.537
0.364
0.473
0.408
0.416
0.231
0.25
0.433
0.505
0.467
0.527
0.361
0.423
0.205
0.437
0.431
0.473
0.49
0.49
0.577
0.438
0.474
0.326
0.435
0
0.395
0.494
0.495
0.574
0.333
0.508
0.431
0.465
0.684
0.485
0.427
0.423
0.461
0.354
0.492
0.494
0.474
0.35
0.467
0.473
0.404
0.393
0.41
0.43
0.386
0.518
0.53
0.462
0.445
0.45
0.44
0.57
0.534
0.424
0.457
0.427
0.421
0.488
0.438
0.424
0.341
0.375
0.425
0.455
0.53
0.428
0.453
0.449
0.473
0.448
0.571
0.269
0.452
0.408
0.481
0.414
0.417
0.423
0.459
0.468
0.448
0.419
0.274
0.368
0.443
0.43
0.41
0.436
0.431
0.419
0.493
0.466
0.447
0.483
0.439
0.339
0.451
0.393
0.369
0.267
0.504
0.471
0.42
0.376
0.316
0.409
0.357
0
0.617
0.401
0.423
0.466
0.453
0.371
0.319
0.396
0.333
0.467
0.557
0.378
0.429
0.451
1
0.509
0.333
0.571
0.44
0.537
0.425
0.439
0.384
0.579
0.409
0.441
0.354
0.448
0.349
0.412
0.39
0.393
0.444
0.429
0.437
0.435
0.435
0.438
0.417
0.496
0.45
0.502
0.426
0.409
0.357
0.543
0.304
0.436
0.432
0.498
0.45
0.429
0.463
0.556
0.511
0.582
0.418
0.305
0.521
0.435
0.415
0.511
0.394
0.488
0.411
0.446
0.403
0.429
0.429
0.51
0.421
0.3
0
0.402
0.359
0.418
0.465
0.492
0.435
0.507
0
0.609
0.453
0.449
0.404
0.427
0.417
0.445
0.433
0.421
0.416
0.318
0.446
0.434
0.458
0.403
0.422
0.53
0.426
0.415
0.415
0.608
0.55
0.45
0.424
0.413
0.341
0.367
0.418
0.442
0.497
0.474
0.5
