0.75
0.607
0.551
0.628
0.82
0.807
0
0.7
0.481
0.755
0.802
0
0.68
0.718
0.729
0.444
0.654
0.818
0.755
0.8
0.732
0.861
0.721
0
0.812
0.662
0.73
1
0.716
0.761
0.552
0.867
0.504
0.776
0
0.744
0.846
0.542
0.819
0.796
0.824
0.739
0.742
0.702
0.797
0.829
0.836
0.825
0.801
0.683
0.781
0.759
0.81
0.821
0
0.657
0
0.763
0
0.559
0.727
0.515
0.608
0.779
0.781
0.3
0.828
0.558
0.78
0.84
0.617
0.799
0.781
0.736
0.712
0.675
0.84
0.748
0.85
0.753
0.667
0.781
0.807
0.837
0.797
0.818
0.818
0.751
0.847
0.812
0.747
0.895
1
0.799
0
0.581
0.875
0.765
0.818
0.359
0.721
0.8
0.69
0.677
0.648
0.786
0.644
0.777
0.5
0.779
0.75
0
0
0.664
0.84
0
0.815
0.585
0.741
0.851
0.727
0.806
1
0.429
0.752
0.833
0
0.728
0.807
0.85
0.861
0.828
0.774
0.653
0.674
0.833
0.902
0.706
0.727
0.828
0.644
0.78
0.564
0.7
0
1
0.5
0.778
0.835
0.651
0.524
0
0.816
0.771
0.825
0.716
0.65
0.778
0.746
0.786
0.375
0.824
0.831
0.749
0.6
0.667
0.38
0.736
0
0.696
0.803
0.882
0.75
0.722
1
0
0.848
0.774
0.625
0.724
0.813
0.732
0.687
0.757
0.625
0.557
0.647
0.739
0.649
0.668
0.714
0.75
0.789
0.41
0.666
0.702
0.784
0.851
1
0.663
0.876
0.728
0.819
0.855
0.776
0.789
0.682
0.764
0.755
0.793
0.756
0.815
0.838
0.692
0.827
0.5
0.585
0.799
0.76
0.689
0.681
0.5
0.814
0.682
0.875
0.633
0.78
0.819
0.69
0.857
0.815
0.755
0.786
0.701
0.661
0.778
0.81
0.67
0.846
0.778
0.738
0.826
0.855
0.589
0.333
0.522
0.629
0.794
0
0.8
0.6
0.744
0.782
0.677
0.801
0.416
0.767
0.708
0.62
0.815
0.791
0.635
0.549
0.907
0.753
0.617
0.665
0.802
0.698
0.831
0.725
0.8
0.801
0.778
0.649
0.712
0.689
0.832
0.5
0.743
0.568
0.806
0.931
0
0.867
0.696
0.857
0.745
0.715
0.607
0.768
0.741
0.875
0.865
0.856
0.644
0.859
0.68
0.667
0.744
0.667
0.707
0.583
0.769
0.754
0.846
0.799
0.766
1
0.674
0.699
0.835
0.662
0.688
0.801
0.68
0.727
0.784
0.947
0.748
0.747
0
0.811
0.751
0.667
0.846
0.6
0.66
0.717
0.628
0.718
0.421
0.852
0.767
0.625
0.743
0.73
0.763
0.842
0.444
0.796
0
0.689
0.901
1
0.763
0.806
0.879
0.604
0.333
0.6
0.7
0.805
0.785
0.6
0.762
0.825
0.816
0
0.766
0.769
0.846
0.774
0.703
0.714
0.828
0.814
0.486
0.87
0.803
0.798
0
0.791
0.764
0.815
0.796
0
0.768
0.695
1
0.768
0.571
0.597
0.375
0.763
0.611
0.729
0.726
0.87
0.829
0.721
0.82
0.657
0.541
0.711
0.784
0.634
0.478
0.761
0.828
0.58
0.583
0.658
0.786
1
0.75
0.706
0.882
0.587
0.667
0.25
0.589
0.5
0.873
0.799
0.807
0.841
0.769
0.706
0.836
0.683
0.732
0.804
0
0.579
0.64
0.701
0.75
0.741
0.5
0.63
0.699
0.759
0.878
0.612
0.667
0.723
0.67
0.738
0.706
0.5
0
0
0.61
0.859
0.462
0.681
0.762
0.849
0.875
0.814
0.743
0.78
0.711
0.6
0.526
0.877
0.879
0.667
0.628
0
0.582
0.583
0.722
0.658
1
0.686
0.808
0.746
0.4
0.597
0.633
0.744
0.746
0.688
0.752
0.753
0.705
0.727
0.749
0.864
0.673
0.651
0.792
0.569
0.793
0.76
0.594
0.678
0.807
0.545
1
0.583
0.552
0.732
0.742
0.727
0.838
0.743
0.743
0.811
0.63
0.737
0.872
0.756
0.825
0.71
0.74
0.544
0.765
0.888
0.545
0.692
0.667
0.637
0.563
0.915
0.683
0.796
0.511
0.606
0.813
0.795
0.8
0.815
0.774
0.705
0.737
0.671
0.662
0.795
0.742
0.784
0.732
0.72
0.792
0.529
0.5
0.757
0.762
0.667
0.75
0.767
0.795
0.633
0.733
0.754
0.72
0
0.576
0.645
0.734
0.785
0.632
0.714
0.769
0.814
0.5
0.791
0.696
0.802
1
0.691
0.333
0.705
0.5
0.533
0.722
0.761
0.827
0.727
0.642
0.375
0.665
0.73
0.684
0.838
0.686
0.752
0.777
0.7
0.845
1
0.863
0.79
0.6
0.732
0.713
0.657
0.853
0.63
0.829
0.77
0.765
0.811
0.73
0.747
0.777
0.727
0.557
0.72
0.83
0.774
0.63
0.518
0.817
0.8
0.408
0.772
0.727
0.731
0.866
0.767
0.707
0.76
0.823
0.789
0.833
0.711
0.808
0.895
0
0.769
0.75
0.791
0.702
0.819
0.818
0.72
0
0.598
0.76
0.76
0.786
0.783
0.643
0.822
0.715
0.669
0.818
0
0.802
0.871
0.747
0.755
0.684
0.709
0.635
0.619
0.716
0.677
0.652
0.743
0.806
0.647
0.515
0.8
0.833
0.742
0.688
0.752
0.783
