4
2
3
5
9
6
1
2
1
6
10
1
5
12
6
10
14
7
5
1
2
8
3
1
13
9
2
1
12
7
6
8
3
6
1
6
2
6
13
10
10
4
13
8
4
11
8
8
4
4
4
8
4
9
1
3
1
4
1
5
1
2
7
13
6
2
2
11
12
1
6
13
6
17
9
8
8
3
1
1
3
2
9
20
7
3
3
5
14
5
13
2
1
8
2
2
11
3
3
2
7
18
3
7
1
8
15
8
1
8
1
1
1
6
3
1
2
3
5
7
12
9
1
1
4
2
1
6
3
3
16
4
4
7
4
3
7
13
3
2
2
4
6
8
1
1
1
6
2
3
1
1
3
12
7
13
4
3
2
6
4
7
6
8
1
1
4
9
1
19
14
9
2
3
1
1
7
11
9
1
2
2
6
7
1
3
5
9
1
6
1
1
11
5
5
2
4
10
2
2
5
3
10
7
2
21
2
8
15
10
7
3
6
7
14
1
3
8
14
3
2
1
8
9
3
2
1
7
4
2
9
2
8
4
6
3
2
5
2
1
7
3
7
4
2
1
3
12
1
2
2
3
4
2
5
1
13
9
11
6
7
5
4
1
8
8
14
8
7
3
1
13
7
3
10
1
1
2
1
9
12
4
1
1
2
12
1
7
12
7
8
2
1
5
11
3
5
3
4
13
3
12
2
15
2
4
7
6
1
11
3
4
2
7
15
1
3
1
3
2
6
2
1
12
1
13
1
3
8
4
1
8
2
5
1
13
1
5
3
1
3
1
4
2
1
7
5
13
8
2
2
2
4
9
1
3
2
2
1
7
2
8
11
3
3
5
4
3
4
6
11
1
8
8
8
10
1
7
1
1
5
1
8
2
1
4
7
1
12
7
5
8
8
2
3
3
1
1
2
2
2
8
6
3
1
1
9
7
1
2
1
4
1
4
11
17
3
16
3
7
2
10
2
1
1
18
6
1
5
2
4
5
5
8
4
2
6
1
3
5
1
1
1
2
3
3
1
2
6
1
12
1
4
9
2
2
10
18
1
2
1
2
4
4
3
1
1
3
3
2
3
1
11
13
2
2
15
5
1
6
11
10
2
1
2
3
6
13
8
18
4
1
3
4
5
3
1
1
2
7
1
3
11
4
14
2
2
6
8
15
10
1
2
1
4
3
4
2
11
4
10
7
4
1
5
2
8
1
4
2
3
9
4
10
6
9
2
2
5
3
1
1
4
4
3
1
5
2
1
5
6
12
8
12
2
2
3
1
8
6
2
1
6
1
4
1
2
3
14
9
4
4
1
3
2
2
7
2
4
10
6
17
1
5
5
4
8
3
8
5
5
7
8
1
1
4
5
6
1
3
5
12
4
12
2
6
1
3
11
2
5
9
13
4
5
5
6
1
2
9
2
1
1
1
10
4
13
8
6
1
4
2
2
2
9
1
11
5
4
11
2
11
13
6
7
1
3
2
1
16
8
2
1
11
4
2
1
9
4
9
3
4
