992
101
1438
709
7504
1346
5
39
93
933
13893
10
1670
5908
3234
1564
3727
2335
1422
208
424
6337
2905
6
22497
1039
708
6
8211
2966
2372
5598
635
690
22
1235
44
894
8616
5596
7873
3087
7062
640
2036
6283
6436
4360
1179
1788
3949
5883
1286
5429
0
543
0
2069
2
1693
308
512
2865
5662
4090
27
1587
6654
4632
1048
2542
17189
4114
16827
6190
3940
5862
1261
115
227
206
579
3118
33643
3198
306
2547
2751
12430
4392
6092
95
10
2921
13
590
7412
2618
1379
574
2698
23969
2756
3930
463
5236
8605
6098
15
3548
71
4
6
1138
361
6
1928
258
2463
6249
5295
8635
36
27
998
88
4
8366
1817
1033
17076
3132
2414
3087
197
302
11089
6814
460
188
286
5398
3078
4111
3
5
15
1522
453
568
79
0
1227
12777
9436
8801
655
1823
203
1348
344
2894
1571
7148
28
46
4015
5686
6
26496
10773
17566
241
224
63
1
3221
14228
1992
119
471
327
877
7220
393
712
4271
3876
164
5003
105
19
9608
305
1731
645
2751
7372
42
318
1416
477
6717
5908
1158
26071
288
8146
19209
13298
2743
670
6315
4641
12950
56
1347
4926
8653
930
962
17
6934
6145
197
1160
426
3658
2790
159
4978
640
8890
1541
8801
137
664
890
245
57
2881
1954
11262
1873
33
140
265
9137
0
1120
139
567
183
95
3984
18
6447
5595
2410
6476
5325
1050
2026
478
6390
5081
9809
6210
3220
1022
152
9594
6162
535
1913
167
287
1582
1
8288
15650
268
237
14
379
5093
97
6054
12109
414
5611
738
36
6416
8877
308
4167
203
150
26833
139
13556
205
14426
408
727
7151
2732
16
5039
205
650
808
2594
19318
74
329
593
59
504
3518
0
796
3344
233
3595
95
488
839
1845
156
5122
180
1739
9
8208
606
3998
287
22
956
12
1839
367
4
3561
5225
9617
2810
97
35
345
1611
5541
44
1168
558
1928
0
6296
109
5774
10656
140
1221
4620
1313
93
6856
4319
4190
9
8905
4644
9451
8818
0
1145
488
8
1664
46
2248
97
297
802
1229
153
12396
7271
1141
7574
3411
179
920
2291
493
112
576
873
227
3394
939
2247
9
99
2226
4123
125
79
7
181
21
3644
6191
16278
320
10945
295
2705
284
10644
1610
6
22
5827
6621
14
1789
10
430
3408
4275
5056
1676
210
2540
872
1518
1398
80
6
15
146
468
20
349
464
3466
26
9006
476
1600
5325
1491
71
2172
29491
44
689
0
300
186
1264
840
3
928
3551
1950
40
143
236
5273
6343
249
1378
17884
4876
84
3301
14506
2787
345
283
1509
438
3405
4211
2202
26316
116
24
1986
1267
1466
1394
436
1028
489
1226
273
467
2001
946
11272
189
921
1789
340
16693
7041
182
43
341
2030
640
1917
244
6807
1287
7068
8001
2873
72
2817
398
3053
1054
787
760
1830
8698
1943
3956
2284
6693
52
59
2170
1349
11
331
1031
2215
612
54
1189
1081
0
596
1867
11044
3179
12994
277
53
1119
14
4479
2777
936
7
2984
22
641
8
64
61
15994
7904
2856
278
25
807
351
174
6291
206
2114
4183
1379
18408
14
6238
1248
76
3093
1845
5210
7112
3748
5531
2744
76
1503
507
2661
5033
619
373
1072
6725
3201
4543
107
3584
217
590
6808
366
4711
2970
20221
3709
1079
6307
7614
48
760
4063
78
0
199
31
5056
1189
13223
12598
810
0
1633
68
3062
111
3571
29
13103
3503
537
8604
14
8273
10759
1571
1769
502
505
459
61
13001
2648
118
103
4597
1604
134
154
6813
1436
9251
1600
2206
